Algorithm,Threshold,Precision,Recall,F1
Ample,1.0,0.806980138334624,0.03441394294232572,0.06592978309642002
Ample,0.9,0.806980138334624,0.03441394294232572,0.06592978309642002
Ample,0.8,0.7433351976316765,0.05975628442454966,0.11037595470918783
Ample,0.7,0.7433351976316765,0.05975628442454966,0.11037595470918783
Ample,0.6,0.7153625567351817,0.08866400296199191,0.1576281559204298
Ample,0.5,0.7153625567351817,0.08866400296199191,0.1576281559204298
Ample,0.4,0.6934749893087223,0.12602646582201812,0.21324286435309256
Ample,0.3,0.6934749893087223,0.12602646582201812,0.21324286435309256
Ample,0.2,0.5259731841894805,0.17795396804080055,0.26591590718565605
Ample,0.1,0.5410142823482748,0.1933945345082826,0.28491317388199416
Anderberg,1.0,0.8358692743257836,0.029600587038008663,0.05710935867340464
Anderberg,0.9,0.8358692743257836,0.029600587038008663,0.05710935867340464
Anderberg,0.8,0.8358692743257836,0.029600587038008663,0.05710935867340464
Anderberg,0.7,0.8358692743257836,0.029600587038008663,0.05710935867340464
Anderberg,0.6,0.8358692743257836,0.029600587038008663,0.05710935867340464
Anderberg,0.5,0.8358692743257836,0.029600587038008663,0.05710935867340464
Anderberg,0.4,0.8358692743257836,0.029600587038008663,0.05710935867340464
Anderberg,0.3,0.7656280495637519,0.049229963847540935,0.09223370780494015
Anderberg,0.2,0.726798865253364,0.06297557633233546,0.11551605928063635
Anderberg,0.1,0.7329569662945473,0.09110126946394087,0.16155585863860064
ArithmeticMean,1.0,0.8358692743257836,0.029600587038008663,0.05710935867340464
ArithmeticMean,0.9,0.8358692743257836,0.029600587038008663,0.05710935867340464
ArithmeticMean,0.8,0.7656280495637519,0.049229963847540935,0.09223370780494015
ArithmeticMean,0.7,0.726798865253364,0.06297557633233546,0.11551605928063635
ArithmeticMean,0.6,0.7329569662945473,0.09110126946394087,0.16155585863860064
ArithmeticMean,0.5,0.6923256825521927,0.2650738490344971,0.3832882411638616
ArithmeticMean,0.4,0.5998468642419809,0.31851213204307666,0.4160409392236601
ArithmeticMean,0.3,0.6098220523479764,0.3390388830375986,0.4357273395503949
ArithmeticMean,0.2,0.6160260975648023,0.34836879349035427,0.44501238895719714
ArithmeticMean,0.1,0.6175336942817059,0.3507983417888152,0.4473969878842865
Cohen,1.0,0.8358692743257836,0.029600587038008663,0.05710935867340464
Cohen,0.9,0.8358692743257836,0.029600587038008663,0.05710935867340464
Cohen,0.8,0.8358692743257836,0.029600587038008663,0.05710935867340464
Cohen,0.7,0.8358692743257836,0.029600587038008663,0.05710935867340464
Cohen,0.6,0.7656280495637519,0.049229963847540935,0.09223370780494015
Cohen,0.5,0.726798865253364,0.06297557633233546,0.11551605928063635
Cohen,0.4,0.7254476092589223,0.07263208669638407,0.13169287512716457
Cohen,0.3,0.7329569662945473,0.09110126946394087,0.16155585863860064
Cohen,0.2,0.6923256825521927,0.2650738490344971,0.3832882411638616
Cohen,0.1,0.5998468642419809,0.31851213204307666,0.4160409392236601
Dice,1.0,0.8358692743257836,0.029600587038008663,0.05710935867340464
Dice,0.9,0.8358692743257836,0.029600587038008663,0.05710935867340464
Dice,0.8,0.8358692743257836,0.029600587038008663,0.05710935867340464
Dice,0.7,0.8358692743257836,0.029600587038008663,0.05710935867340464
Dice,0.6,0.8358692743257836,0.029600587038008663,0.05710935867340464
Dice,0.5,0.7656280495637519,0.049229963847540935,0.09223370780494015
Dice,0.4,0.7656280495637519,0.049229963847540935,0.09223370780494015
Dice,0.3,0.726798865253364,0.06297557633233546,0.11551605928063635
Dice,0.2,0.7329569662945473,0.09110126946394087,0.16155585863860064
Dice,0.1,0.6923256825521927,0.2650738490344971,0.3832882411638616
Euclid,1.0,0.8358692743257836,0.029600587038008663,0.05710935867340464
Euclid,0.9,0.7656280495637519,0.049229963847540935,0.09223370780494015
Euclid,0.8,0.47424983593391673,0.12748517772100346,0.20088733476550624
Euclid,0.7,0.504287435357056,0.15979782998820663,0.24261924402659954
Euclid,0.6,0.504287435357056,0.15979782998820663,0.24261924402659954
Euclid,0.5,0.5348442768317095,0.18708268549890109,0.2771574451789254
Euclid,0.4,0.6175336942817059,0.3507983417888152,0.4473969878842865
Euclid,0.3,0.6175336942817059,0.3507983417888152,0.4473969878842865
Euclid,0.2,0.6175336942817059,0.3507983417888152,0.4473969878842865
Euclid,0.1,0.6175336942817059,0.3507983417888152,0.4473969878842865
Fleiss,1.0,0.8358692743257836,0.029600587038008663,0.05710935867340464
Fleiss,0.9,0.7656280495637519,0.049229963847540935,0.09223370780494015
Fleiss,0.8,0.7656280495637519,0.049229963847540935,0.09223370780494015
Fleiss,0.7,0.726798865253364,0.06297557633233546,0.11551605928063635
Fleiss,0.6,0.7254476092589223,0.07263208669638407,0.13169287512716457
Fleiss,0.5,0.48484676784591657,0.13529344769970594,0.21149577688391033
Fleiss,0.4,0.5224434040980874,0.1758542728094191,0.2630457169857076
Fleiss,0.3,0.5348442768317095,0.18708268549890109,0.2771574451789254
Fleiss,0.2,0.5348442768317095,0.18708268549890109,0.2771574451789254
Fleiss,0.1,0.6175336942817059,0.3507983417888152,0.4473969878842865
GeometricMean,1.0,0.8358692743257836,0.029600587038008663,0.05710935867340464
GeometricMean,0.9,0.8358692743257836,0.029600587038008663,0.05710935867340464
GeometricMean,0.8,0.7656280495637519,0.049229963847540935,0.09223370780494015
GeometricMean,0.7,0.726798865253364,0.06297557633233546,0.11551605928063635
GeometricMean,0.6,0.7329569662945473,0.09110126946394087,0.16155585863860064
GeometricMean,0.5,0.7329569662945473,0.09110126946394087,0.16155585863860064
GeometricMean,0.4,0.5051145930364287,0.1527765315183134,0.23449353727744593
GeometricMean,0.3,0.5224434040980874,0.1758542728094191,0.2630457169857076
GeometricMean,0.2,0.5348442768317095,0.18708268549890109,0.2771574451789254
GeometricMean,0.1,0.5381778589444811,0.19031359015705931,0.2811621317406093
Goodman,1.0,0.8358692743257836,0.029600587038008663,0.05710935867340464
Goodman,0.9,0.8358692743257836,0.029600587038008663,0.05710935867340464
Goodman,0.8,0.8358692743257836,0.029600587038008663,0.05710935867340464
Goodman,0.7,0.8358692743257836,0.029600587038008663,0.05710935867340464
Goodman,0.6,0.7656280495637519,0.049229963847540935,0.09223370780494015
Goodman,0.5,0.726798865253364,0.06297557633233546,0.11551605928063635
Goodman,0.4,0.7254476092589223,0.07263208669638407,0.13169287512716457
Goodman,0.3,0.7329569662945473,0.09110126946394087,0.16155585863860064
Goodman,0.2,0.6923256825521927,0.2650738490344971,0.3832882411638616
Goodman,0.1,0.6923256825521927,0.2650738490344971,0.3832882411638616
Hamann,1.0,0.8358692743257836,0.029600587038008663,0.05710935867340464
Hamann,0.9,0.8358692743257836,0.029600587038008663,0.05710935867340464
Hamann,0.8,0.7656280495637519,0.049229963847540935,0.09223370780494015
Hamann,0.7,0.7656280495637519,0.049229963847540935,0.09223370780494015
Hamann,0.6,0.47424983593391673,0.12748517772100346,0.20088733476550624
Hamann,0.5,0.504287435357056,0.15979782998820663,0.24261924402659954
Hamann,0.4,0.504287435357056,0.15979782998820663,0.24261924402659954
Hamann,0.3,0.5348442768317095,0.18708268549890109,0.2771574451789254
Hamann,0.2,0.5348442768317095,0.18708268549890109,0.2771574451789254
Hamann,0.1,0.6175336942817059,0.3507983417888152,0.4473969878842865
Hamming,1.0,0.8358692743257836,0.029600587038008663,0.05710935867340464
Hamming,0.9,0.8358692743257836,0.029600587038008663,0.05710935867340464
Hamming,0.8,0.7656280495637519,0.049229963847540935,0.09223370780494015
Hamming,0.7,0.7656280495637519,0.049229963847540935,0.09223370780494015
Hamming,0.6,0.47424983593391673,0.12748517772100346,0.20088733476550624
Hamming,0.5,0.504287435357056,0.15979782998820663,0.24261924402659954
Hamming,0.4,0.504287435357056,0.15979782998820663,0.24261924402659954
Hamming,0.3,0.5348442768317095,0.18708268549890109,0.2771574451789254
Hamming,0.2,0.5348442768317095,0.18708268549890109,0.2771574451789254
Hamming,0.1,0.6175336942817059,0.3507983417888152,0.4473969878842865
HarmonicMean,1.0,0.8358692743257836,0.029600587038008663,0.05710935867340464
HarmonicMean,0.9,0.8358692743257836,0.029600587038008663,0.05710935867340464
HarmonicMean,0.8,0.7656280495637519,0.049229963847540935,0.09223370780494015
HarmonicMean,0.7,0.726798865253364,0.06297557633233546,0.11551605928063635
HarmonicMean,0.6,0.7329569662945473,0.09110126946394087,0.16155585863860064
HarmonicMean,0.5,0.7329569662945473,0.09110126946394087,0.16155585863860064
HarmonicMean,0.4,0.5051145930364287,0.1527765315183134,0.23449353727744593
HarmonicMean,0.3,0.5224434040980874,0.1758542728094191,0.2630457169857076
HarmonicMean,0.2,0.5348442768317095,0.18708268549890109,0.2771574451789254
HarmonicMean,0.1,0.5381778589444811,0.19031359015705931,0.2811621317406093
Jaccard,1.0,0.8358692743257836,0.029600587038008663,0.05710935867340464
Jaccard,0.9,0.8358692743257836,0.029600587038008663,0.05710935867340464
Jaccard,0.8,0.8358692743257836,0.029600587038008663,0.05710935867340464
Jaccard,0.7,0.8358692743257836,0.029600587038008663,0.05710935867340464
Jaccard,0.6,0.8358692743257836,0.029600587038008663,0.05710935867340464
Jaccard,0.5,0.7656280495637519,0.049229963847540935,0.09223370780494015
Jaccard,0.4,0.7656280495637519,0.049229963847540935,0.09223370780494015
Jaccard,0.3,0.726798865253364,0.06297557633233546,0.11551605928063635
Jaccard,0.2,0.7329569662945473,0.09110126946394087,0.16155585863860064
Jaccard,0.1,0.6923256825521927,0.2650738490344971,0.3832882411638616
Kulczynski1,1.0,0.7656280495637519,0.049229963847540935,0.09223370780494015
Kulczynski1,0.9,0.7656280495637519,0.049229963847540935,0.09223370780494015
Kulczynski1,0.8,0.7656280495637519,0.049229963847540935,0.09223370780494015
Kulczynski1,0.7,0.7656280495637519,0.049229963847540935,0.09223370780494015
Kulczynski1,0.6,0.7656280495637519,0.049229963847540935,0.09223370780494015
Kulczynski1,0.5,0.726798865253364,0.06297557633233546,0.11551605928063635
Kulczynski1,0.4,0.726798865253364,0.06297557633233546,0.11551605928063635
Kulczynski1,0.3,0.7254476092589223,0.07263208669638407,0.13169287512716457
Kulczynski1,0.2,0.6923256825521927,0.2650738490344971,0.3832882411638616
Kulczynski1,0.1,0.6923256825521927,0.2650738490344971,0.3832882411638616
Kulczynski2,1.0,0.8358692743257836,0.029600587038008663,0.05710935867340464
Kulczynski2,0.9,0.8358692743257836,0.029600587038008663,0.05710935867340464
Kulczynski2,0.8,0.8358692743257836,0.029600587038008663,0.05710935867340464
Kulczynski2,0.7,0.7656280495637519,0.049229963847540935,0.09223370780494015
Kulczynski2,0.6,0.7329569662945473,0.09110126946394087,0.16155585863860064
Kulczynski2,0.5,0.6923256825521927,0.2650738490344971,0.3832882411638616
Kulczynski2,0.4,0.6923256825521927,0.2650738490344971,0.3832882411638616
Kulczynski2,0.3,0.6923256825521927,0.2650738490344971,0.3832882411638616
Kulczynski2,0.2,0.6923256825521927,0.2650738490344971,0.3832882411638616
Kulczynski2,0.1,0.6923256825521927,0.2650738490344971,0.3832882411638616
M1,1.0,0.7656280495637519,0.049229963847540935,0.09223370780494015
M1,0.9,0.7656280495637519,0.049229963847540935,0.09223370780494015
M1,0.8,0.7656280495637519,0.049229963847540935,0.09223370780494015
M1,0.7,0.7656280495637519,0.049229963847540935,0.09223370780494015
M1,0.6,0.7656280495637519,0.049229963847540935,0.09223370780494015
M1,0.5,0.7656280495637519,0.049229963847540935,0.09223370780494015
M1,0.4,0.47424983593391673,0.12748517772100346,0.20088733476550624
M1,0.3,0.47424983593391673,0.12748517772100346,0.20088733476550624
M1,0.2,0.504287435357056,0.15979782998820663,0.24261924402659954
M1,0.1,0.5348442768317095,0.18708268549890109,0.2771574451789254
M2,1.0,0.8358692743257836,0.029600587038008663,0.05710935867340464
M2,0.9,0.8358692743257836,0.029600587038008663,0.05710935867340464
M2,0.8,0.7656280495637519,0.049229963847540935,0.09223370780494015
M2,0.7,0.726798865253364,0.06297557633233546,0.11551605928063635
M2,0.6,0.7329569662945473,0.09110126946394087,0.16155585863860064
M2,0.5,0.6923256825521927,0.2650738490344971,0.3832882411638616
M2,0.4,0.6923256825521927,0.2650738490344971,0.3832882411638616
M2,0.3,0.6923256825521927,0.2650738490344971,0.3832882411638616
M2,0.2,0.6923256825521927,0.2650738490344971,0.3832882411638616
M2,0.1,0.6923256825521927,0.2650738490344971,0.3832882411638616
ochiai,1.0,0.8358692743257836,0.029600587038008663,0.05710935867340464
ochiai,0.9,0.8358692743257836,0.029600587038008663,0.05710935867340464
ochiai,0.8,0.8358692743257836,0.029600587038008663,0.05710935867340464
ochiai,0.7,0.7656280495637519,0.049229963847540935,0.09223370780494015
ochiai,0.6,0.7656280495637519,0.049229963847540935,0.09223370780494015
ochiai,0.5,0.7254476092589223,0.07263208669638407,0.13169287512716457
ochiai,0.4,0.6923256825521927,0.2650738490344971,0.3832882411638616
ochiai,0.3,0.6923256825521927,0.2650738490344971,0.3832882411638616
ochiai,0.2,0.6923256825521927,0.2650738490344971,0.3832882411638616
ochiai,0.1,0.6923256825521927,0.2650738490344971,0.3832882411638616
Ochiai2,1.0,0.8358692743257836,0.029600587038008663,0.05710935867340464
Ochiai2,0.9,0.8358692743257836,0.029600587038008663,0.05710935867340464
Ochiai2,0.8,0.8358692743257836,0.029600587038008663,0.05710935867340464
Ochiai2,0.7,0.8358692743257836,0.029600587038008663,0.05710935867340464
Ochiai2,0.6,0.7656280495637519,0.049229963847540935,0.09223370780494015
Ochiai2,0.5,0.7656280495637519,0.049229963847540935,0.09223370780494015
Ochiai2,0.4,0.726798865253364,0.06297557633233546,0.11551605928063635
Ochiai2,0.3,0.7254476092589223,0.07263208669638407,0.13169287512716457
Ochiai2,0.2,0.7329569662945473,0.09110126946394087,0.16155585863860064
Ochiai2,0.1,0.7329569662945473,0.09110126946394087,0.16155585863860064
Overlap,1.0,0.6923256825521927,0.2650738490344971,0.3832882411638616
Overlap,0.9,0.6923256825521927,0.2650738490344971,0.3832882411638616
Overlap,0.8,0.6923256825521927,0.2650738490344971,0.3832882411638616
Overlap,0.7,0.6923256825521927,0.2650738490344971,0.3832882411638616
Overlap,0.6,0.6923256825521927,0.2650738490344971,0.3832882411638616
Overlap,0.5,0.6923256825521927,0.2650738490344971,0.3832882411638616
Overlap,0.4,0.6923256825521927,0.2650738490344971,0.3832882411638616
Overlap,0.3,0.6923256825521927,0.2650738490344971,0.3832882411638616
Overlap,0.2,0.6923256825521927,0.2650738490344971,0.3832882411638616
Overlap,0.1,0.6923256825521927,0.2650738490344971,0.3832882411638616
RogersTanimoto,1.0,0.8358692743257836,0.029600587038008663,0.05710935867340464
RogersTanimoto,0.9,0.8358692743257836,0.029600587038008663,0.05710935867340464
RogersTanimoto,0.8,0.8358692743257836,0.029600587038008663,0.05710935867340464
RogersTanimoto,0.7,0.7656280495637519,0.049229963847540935,0.09223370780494015
RogersTanimoto,0.6,0.7656280495637519,0.049229963847540935,0.09223370780494015
RogersTanimoto,0.5,0.47424983593391673,0.12748517772100346,0.20088733476550624
RogersTanimoto,0.4,0.47424983593391673,0.12748517772100346,0.20088733476550624
RogersTanimoto,0.3,0.504287435357056,0.15979782998820663,0.24261924402659954
RogersTanimoto,0.2,0.5348442768317095,0.18708268549890109,0.2771574451789254
RogersTanimoto,0.1,0.5348442768317095,0.18708268549890109,0.2771574451789254
Rogot1,1.0,0.8358692743257836,0.029600587038008663,0.05710935867340464
Rogot1,0.9,0.8358692743257836,0.029600587038008663,0.05710935867340464
Rogot1,0.8,0.8358692743257836,0.029600587038008663,0.05710935867340464
Rogot1,0.7,0.7656280495637519,0.049229963847540935,0.09223370780494015
Rogot1,0.6,0.726798865253364,0.06297557633233546,0.11551605928063635
Rogot1,0.5,0.726798865253364,0.06297557633233546,0.11551605928063635
Rogot1,0.4,0.48484676784591657,0.13529344769970594,0.21149577688391033
Rogot1,0.3,0.5224434040980874,0.1758542728094191,0.2630457169857076
Rogot1,0.2,0.5348442768317095,0.18708268549890109,0.2771574451789254
Rogot1,0.1,0.6175336942817059,0.3507983417888152,0.4473969878842865
Rogot2,1.0,0.8358692743257836,0.029600587038008663,0.05710935867340464
Rogot2,0.9,0.8358692743257836,0.029600587038008663,0.05710935867340464
Rogot2,0.8,0.7656280495637519,0.049229963847540935,0.09223370780494015
Rogot2,0.7,0.726798865253364,0.06297557633233546,0.11551605928063635
Rogot2,0.6,0.7329569662945473,0.09110126946394087,0.16155585863860064
Rogot2,0.5,0.7329569662945473,0.09110126946394087,0.16155585863860064
Rogot2,0.4,0.5051145930364287,0.1527765315183134,0.23449353727744593
Rogot2,0.3,0.5224434040980874,0.1758542728094191,0.2630457169857076
Rogot2,0.2,0.5348442768317095,0.18708268549890109,0.2771574451789254
Rogot2,0.1,0.5381778589444811,0.19031359015705931,0.2811621317406093
RussellRao,1.0,0.6923256825521927,0.2650738490344971,0.3832882411638616
RussellRao,0.9,0.6923256825521927,0.2650738490344971,0.3832882411638616
RussellRao,0.8,0.6923256825521927,0.2650738490344971,0.3832882411638616
RussellRao,0.7,0.6923256825521927,0.2650738490344971,0.3832882411638616
RussellRao,0.6,0.6923256825521927,0.2650738490344971,0.3832882411638616
RussellRao,0.5,0.6923256825521927,0.2650738490344971,0.3832882411638616
RussellRao,0.4,0.6923256825521927,0.2650738490344971,0.3832882411638616
RussellRao,0.3,0.6923256825521927,0.2650738490344971,0.3832882411638616
RussellRao,0.2,0.6923256825521927,0.2650738490344971,0.3832882411638616
RussellRao,0.1,0.6923256825521927,0.2650738490344971,0.3832882411638616
Scott,1.0,0.8358692743257836,0.029600587038008663,0.05710935867340464
Scott,0.9,0.8358692743257836,0.029600587038008663,0.05710935867340464
Scott,0.8,0.8358692743257836,0.029600587038008663,0.05710935867340464
Scott,0.7,0.7656280495637519,0.049229963847540935,0.09223370780494015
Scott,0.6,0.726798865253364,0.06297557633233546,0.11551605928063635
Scott,0.5,0.726798865253364,0.06297557633233546,0.11551605928063635
Scott,0.4,0.48484676784591657,0.13529344769970594,0.21149577688391033
Scott,0.3,0.5224434040980874,0.1758542728094191,0.2630457169857076
Scott,0.2,0.5348442768317095,0.18708268549890109,0.2771574451789254
Scott,0.1,0.6175336942817059,0.3507983417888152,0.4473969878842865
SimpleMatching,1.0,0.8358692743257836,0.029600587038008663,0.05710935867340464
SimpleMatching,0.9,0.8358692743257836,0.029600587038008663,0.05710935867340464
SimpleMatching,0.8,0.7656280495637519,0.049229963847540935,0.09223370780494015
SimpleMatching,0.7,0.7656280495637519,0.049229963847540935,0.09223370780494015
SimpleMatching,0.6,0.47424983593391673,0.12748517772100346,0.20088733476550624
SimpleMatching,0.5,0.504287435357056,0.15979782998820663,0.24261924402659954
SimpleMatching,0.4,0.504287435357056,0.15979782998820663,0.24261924402659954
SimpleMatching,0.3,0.5348442768317095,0.18708268549890109,0.2771574451789254
SimpleMatching,0.2,0.5348442768317095,0.18708268549890109,0.2771574451789254
SimpleMatching,0.1,0.6175336942817059,0.3507983417888152,0.4473969878842865
Sokal,1.0,0.8358692743257836,0.029600587038008663,0.05710935867340464
Sokal,0.9,0.7656280495637519,0.049229963847540935,0.09223370780494015
Sokal,0.8,0.47424983593391673,0.12748517772100346,0.20088733476550624
Sokal,0.7,0.47424983593391673,0.12748517772100346,0.20088733476550624
Sokal,0.6,0.504287435357056,0.15979782998820663,0.24261924402659954
Sokal,0.5,0.5348442768317095,0.18708268549890109,0.2771574451789254
Sokal,0.4,0.5348442768317095,0.18708268549890109,0.2771574451789254
Sokal,0.3,0.5348442768317095,0.18708268549890109,0.2771574451789254
Sokal,0.2,0.6175336942817059,0.3507983417888152,0.4473969878842865
Sokal,0.1,0.6175336942817059,0.3507983417888152,0.4473969878842865
SorensenDice,1.0,0.8358692743257836,0.029600587038008663,0.05710935867340464
SorensenDice,0.9,0.8358692743257836,0.029600587038008663,0.05710935867340464
SorensenDice,0.8,0.8358692743257836,0.029600587038008663,0.05710935867340464
SorensenDice,0.7,0.8358692743257836,0.029600587038008663,0.05710935867340464
SorensenDice,0.6,0.7656280495637519,0.049229963847540935,0.09223370780494015
SorensenDice,0.5,0.726798865253364,0.06297557633233546,0.11551605928063635
SorensenDice,0.4,0.7254476092589223,0.07263208669638407,0.13169287512716457
SorensenDice,0.3,0.7329569662945473,0.09110126946394087,0.16155585863860064
SorensenDice,0.2,0.6923256825521927,0.2650738490344971,0.3832882411638616
SorensenDice,0.1,0.6923256825521927,0.2650738490344971,0.3832882411638616
tarantula,1.0,0.8358692743257836,0.029600587038008663,0.05710935867340464
tarantula,0.9,0.8358692743257836,0.029600587038008663,0.05710935867340464
tarantula,0.8,0.7656280495637519,0.049229963847540935,0.09223370780494015
tarantula,0.7,0.726798865253364,0.06297557633233546,0.11551605928063635
tarantula,0.6,0.7254476092589223,0.07263208669638407,0.13169287512716457
tarantula,0.5,0.6923256825521927,0.2650738490344971,0.3832882411638616
tarantula,0.4,0.6923256825521927,0.2650738490344971,0.3832882411638616
tarantula,0.3,0.6923256825521927,0.2650738490344971,0.3832882411638616
tarantula,0.2,0.6923256825521927,0.2650738490344971,0.3832882411638616
tarantula,0.1,0.6923256825521927,0.2650738490344971,0.3832882411638616
Wong1,1.0,0.6923256825521927,0.2650738490344971,0.3832882411638616
Wong1,0.9,0.6923256825521927,0.2650738490344971,0.3832882411638616
Wong1,0.8,0.6923256825521927,0.2650738490344971,0.3832882411638616
Wong1,0.7,0.6923256825521927,0.2650738490344971,0.3832882411638616
Wong1,0.6,0.6923256825521927,0.2650738490344971,0.3832882411638616
Wong1,0.5,0.6923256825521927,0.2650738490344971,0.3832882411638616
Wong1,0.4,0.6923256825521927,0.2650738490344971,0.3832882411638616
Wong1,0.3,0.6923256825521927,0.2650738490344971,0.3832882411638616
Wong1,0.2,0.6923256825521927,0.2650738490344971,0.3832882411638616
Wong1,0.1,0.6923256825521927,0.2650738490344971,0.3832882411638616
Wong2,1.0,0.8358692743257836,0.029600587038008663,0.05710935867340464
Wong2,0.9,0.8358692743257836,0.029600587038008663,0.05710935867340464
Wong2,0.8,0.7656280495637519,0.049229963847540935,0.09223370780494015
Wong2,0.7,0.7656280495637519,0.049229963847540935,0.09223370780494015
Wong2,0.6,0.47424983593391673,0.12748517772100346,0.20088733476550624
Wong2,0.5,0.504287435357056,0.15979782998820663,0.24261924402659954
Wong2,0.4,0.504287435357056,0.15979782998820663,0.24261924402659954
Wong2,0.3,0.5348442768317095,0.18708268549890109,0.2771574451789254
Wong2,0.2,0.5348442768317095,0.18708268549890109,0.2771574451789254
Wong2,0.1,0.6175336942817059,0.3507983417888152,0.4473969878842865
Wong3,1.0,0.6303140757665776,0.19700216382198601,0.3001779565160577
Wong3,0.9,0.6723256525923856,0.23841406118325162,0.35199689535305473
Wong3,0.8,0.6871689619121049,0.274634713787471,0.3923218053820105
Wong3,0.7,0.6871689619121049,0.274634713787471,0.3923218053820105
Wong3,0.6,0.6871689619121049,0.274634713787471,0.3923218053820105
Wong3,0.5,0.6871689619121049,0.274634713787471,0.3923218053820105
Wong3,0.4,0.6063469899388297,0.33344883201059544,0.4302418768033543
Wong3,0.3,0.6063469899388297,0.33344883201059544,0.4302418768033543
Wong3,0.2,0.6063469899388297,0.33344883201059544,0.4302418768033543
Wong3,0.1,0.6063469899388297,0.33344883201059544,0.4302418768033543
Zoltar,1.0,0.8358692743257836,0.029600587038008663,0.05710935867340464
Zoltar,0.9,0.8358692743257836,0.029600587038008663,0.05710935867340464
Zoltar,0.8,0.8358692743257836,0.029600587038008663,0.05710935867340464
Zoltar,0.7,0.8358692743257836,0.029600587038008663,0.05710935867340464
Zoltar,0.6,0.8358692743257836,0.029600587038008663,0.05710935867340464
Zoltar,0.5,0.7656280495637519,0.049229963847540935,0.09223370780494015
Zoltar,0.4,0.7656280495637519,0.049229963847540935,0.09223370780494015
Zoltar,0.3,0.726798865253364,0.06297557633233546,0.11551605928063635
Zoltar,0.2,0.7329569662945473,0.09110126946394087,0.16155585863860064
Zoltar,0.1,0.6923256825521927,0.2650738490344971,0.3832882411638616
